  98.86
 319.33
 292.33
 882.00
 525.33
 429.75
 151.78
 275.33
 330.33
  39.00
 126.50
 233.75
 884.00
 113.50
 218.67
  58.33
 166.80
 151.29
 377.00
   4.33
  16.50
1013.00
 381.00
  49.62
 214.29
   1.80
 651.67
 226.88
 314.67
  69.12
 241.88
 454.00
  40.43
 193.33
 417.67
 239.57
 146.50
 285.43
 410.50
  47.29
 237.00
 235.00
 333.50
  75.17
  79.90
   9.00
 127.62
 473.25
 156.00
  55.00
  24.00
 162.50
  99.00
1059.00
  68.71
  59.89
 845.00
 876.50
 219.25
   3.25
 160.50
 218.67
 160.71
  50.75
 502.00
 747.50
 397.80
  45.56
 556.00
 316.80
 219.33
 392.33
 131.86
 110.60
  82.00
 517.00
 335.75
 244.33
 191.50
 385.80
 421.00
 429.67
  94.17
 165.67
 459.75
 245.14
  32.12
 581.33
 187.00
  31.67
 192.00
 326.25
 138.22
 225.50
1111.00
 108.50
 195.43
 393.67
 323.00
 611.00
 475.00
 176.00
  96.88
 395.40
 443.67
  44.70
  78.50
 325.25
 238.60
 945.50
  59.00
 117.00
 304.67
 210.11
  52.40
  61.50
  38.40
  92.50
 161.89
1983.00
  43.50
 403.67
 121.71
 151.70
  38.71
 348.00
  41.00
 125.00
 139.12
  37.00
 470.25
 530.50
 185.80
 268.50
   0.17
 184.33
  12.40
  98.20
   5.10
 239.75
 138.86
 370.00
 125.50
 253.14
  70.71
 116.44
 431.00
  28.14
 241.80
 452.00
 202.75
1299.00
1651.00
 596.00
 912.00
 175.78
 584.00
  64.00
  92.00
 280.60
 436.00
 163.33
 186.00
  84.50
 256.75
  15.17
 615.67
  29.78
 617.33
 171.43
  44.88
 880.50
  94.29
 271.00
 299.83
 171.75
  55.50
 211.88
  71.67
  77.70
 533.33
 355.67
 274.80
 944.00
 316.00
 551.50
   9.50
 301.20
  62.80
 256.25
  88.83
 166.50
  51.50
  29.71
 100.60
 174.10
 242.25
 201.12
 314.00
  34.00
 195.29
  18.30
 329.75
 415.50
   3.50
  86.00
  64.20
 410.00
 167.50
1019.00
 239.67
 265.25
 280.75
 175.25
 947.00
 242.57
1838.00
  74.00
1569.00
 172.50
 337.00
 615.50
 378.50
  39.10
 137.40
 206.89
  33.80
  89.40
 176.25
 136.44
 133.50
 236.00
 268.33
 108.40
 154.14
 150.70
 437.25
 107.67
 242.00
 222.88
   0.30
 516.00
 210.00
 115.80
 112.40
  97.00
  32.11
 256.00
 101.00
  13.90
 108.33
 277.17
 388.20
 387.50
  45.90
  33.22
 219.17
  32.00
 198.00
 117.00
  33.75
 249.00
  20.40
  23.62
 199.50
 285.00
 191.62
1405.00
 265.00
  77.17
 352.25
 343.40
 226.80
 245.43
1795.00
 102.00
 310.75
1468.00
 125.75
 422.67
 220.57
  43.71
 732.00
 105.00
 112.40
1512.00
 222.00
  69.30
  36.00
 804.00
  35.40
 383.50
 337.25
  32.10
 443.25
  53.40
 420.25
 324.83
 699.50
 350.50
 323.50
 241.38
 125.70
 436.50
  21.14
 133.80
 115.00
1303.00
  53.00
 129.17
  81.75
 521.00
 391.00
 101.29
 298.75
  22.00
  19.86
  75.67
 195.11
   4.50
 197.62
 224.00
   1.33
1407.00
 173.00
 120.44
  42.25
 208.50
 408.00
 273.17
 256.00
 187.86
 859.00
 283.40
  49.75
 233.29
 618.50
 275.40
  73.60
  58.50
 409.50
 946.00
  48.00
 261.00
 146.50
  82.33
 762.00
 238.43
 465.00
 184.67
  15.40
 222.57
 611.67
 613.00
  92.56
 903.00
  41.88
   0.25
  10.88
 185.20
 133.33
 288.00
 950.50
 177.50
   4.33
  65.22
1276.00
  10.20
  19.40
 206.33
  87.56
 203.67
 135.10
 323.00
 387.00
 392.40
 477.00
 105.50
 128.40
  97.25
 359.50
 273.29
 104.00
 165.50
 899.00
 191.80
  71.43
 274.86
 174.10
 141.00
 279.00
  89.11
1610.00
 253.67
 879.00
   4.70
  57.50
 226.57
 272.00
 101.70
 420.67
 131.33
 515.33
 233.80
 210.88
 193.86
1936.00
 494.00
 230.38
 135.50
 429.00
 397.33
 119.00
 389.20
 582.00
 554.00
  93.90
 719.00
 172.30
 189.71
 113.00
  15.67
1515.00
 124.25
  87.00
  64.25
 270.33
 155.17
  40.00
  67.83
 232.67
 316.00
  11.86
 193.40
 348.60
 110.14
 500.67
 285.33
 370.80
 643.67
 293.75
 260.14
 126.50
  77.20
 247.33
 347.00
  98.00
   4.83
  95.00
 141.67
 156.00
 106.80
   5.00
 412.00
 784.00
 810.00
 380.20
 614.00
1306.00
 198.00
 211.62
  37.00
  35.80
 323.25
 143.44
  76.00
  47.10
 488.67
 250.50
 183.75
 166.75
  36.80
 182.67
 189.25
 369.67
 142.43
 119.43
 114.44
  13.40
 228.40
 159.80
 271.00
   1.25
 167.00
 144.30
  66.00
1342.00
1569.00
 230.17
 746.50
 434.25
  84.70
 114.33
 219.50
 585.67
 147.17
  55.62
 179.00
 247.50
   7.10
