  34.67
  52.50
   1.33
 318.00
  13.20
 174.00
  49.60
  30.29
 195.00
  89.33
  14.75
  71.33
 113.50
 105.33
  94.00
   0.86
  52.38
  18.00
  29.75
  40.67
  20.44
 455.00
  29.38
  15.90
  81.50
  32.33
   7.33
 478.00
 154.33
 168.00
  65.33
  49.80
  26.00
   6.29
  21.50
  76.00
  60.75
  95.00
  95.00
   0.67
   6.20
  52.50
  43.57
  24.29
   8.20
  38.43
  22.00
  29.00
  18.50
  43.71
  37.57
  88.00
 103.50
  21.62
  34.75
  22.56
 110.00
 117.00
  53.00
 143.00
 142.00
  55.44
 131.00
  18.38
 149.50
  18.00
 102.00
 121.67
   3.86
  12.20
  12.40
 333.00
  44.00
  19.62
  32.11
  22.10
   6.78
 268.00
  45.33
  32.00
  54.50
  66.80
  40.78
  99.33
  23.50
   8.29
  88.00
 143.00
  78.80
 110.50
 235.00
  66.14
   5.50
  94.50
  38.56
  87.75
  54.57
   4.10
  29.38
  54.67
 399.00
  29.25
  23.83
  42.00
  60.25
  60.14
 116.00
 215.00
 116.00
  49.20
  82.40
  75.33
  38.50
  78.40
  91.00
  95.00
  68.00
  27.80
  59.80
  36.90
  41.44
 174.00
  57.00
  47.00
 116.50
  21.00
 160.00
   2.10
 122.25
 122.00
  49.80
  29.40
  67.17
 466.00
  60.25
 160.33
  59.25
   9.00
  48.75
  68.71
  55.38
  41.50
  70.20
  16.30
  27.25
  16.75
 177.00
  40.40
   5.60
  35.00
  27.50
  28.89
  55.00
  24.00
  63.40
  43.11
 242.00
  93.00
  69.25
   6.25
  45.89
 413.00
  41.57
   2.50
  19.00
  86.50
  37.57
 118.00
  13.00
   8.70
  51.00
   4.29
 295.00
 124.00
  40.86
  52.12
  45.22
  19.86
  49.70
  98.50
  13.00
  41.25
  16.00
 181.00
  55.56
  23.67
   9.20
  26.78
 117.67
  16.10
  40.11
   5.71
  11.00
  52.50
   3.90
 123.00
  50.33
   3.88
 108.33
  69.60
  18.20
  75.80
  22.20
  53.75
  10.50
  15.75
  78.00
  30.00
  21.83
  37.50
  54.38
  85.00
  12.86
  70.50
 184.50
 119.00
  35.86
  13.50
  29.33
 397.00
 160.00
  19.00
  82.60
  74.00
   6.25
  67.25
  87.00
  17.25
 175.50
 438.00
  26.14
 118.25
 495.00
 128.50
  73.83
  34.67
  35.22
  90.00
  81.00
  82.00
   8.50
  68.57
  14.00
 180.50
  10.10
 103.25
  25.14
  69.00
  62.71
 104.00
