 126.20
 101.40
 615.00
 186.44
 272.60
 329.50
 231.12
  86.00
  22.25
 127.50
  86.29
  50.67
 194.86
 386.75
 532.33
1635.00
1399.00
 267.33
  91.00
 210.75
 220.00
 846.50
1146.00
 162.17
 233.25
  60.67
  28.43
 191.17
 154.00
   6.00
 361.33
 767.00
 681.50
 178.20
 403.00
 171.88
  27.00
 116.56
  83.20
 190.38
 161.40
 122.57
 874.50
 240.57
  85.00
 410.33
  70.43
 246.00
 481.25
 188.86
1298.00
 279.00
 125.29
 230.29
  30.10
 515.00
 279.14
 112.14
 503.50
 975.50
 348.00
 429.00
 735.00
 822.50
 199.50
  46.40
 129.33
 133.20
 417.00
 459.00
1635.00
  82.83
 101.40
  44.89
 218.00
  83.25
 182.00
  65.50
 343.00
 177.78
  13.11
1418.00
 188.14
1662.00
 125.00
 174.11
 133.22
1587.00
  57.50
 406.67
1902.00
  46.50
 143.20
 644.67
 959.50
  61.20
 178.00
   6.43
 946.50
 876.00
1402.00
 396.25
 270.17
  76.50
 193.67
 175.75
 437.50
 195.17
 165.90
 238.29
 194.00
 363.50
 177.88
   8.00
   7.40
 152.67
 115.50
 266.00
 192.50
  30.33
  77.29
  61.33
 307.67
 624.00
 127.67
 181.71
 103.67
  66.44
  96.50
 153.50
 686.00
 136.20
  93.56
 423.00
 282.00
 219.33
  30.40
 274.29
  81.50
 154.20
 443.50
 141.25
   5.25
 184.14
 115.50
  29.40
 188.14
  97.12
  33.80
 886.00
  67.78
  30.57
  38.88
 232.50
 247.00
 131.17
  20.90
 217.00
   7.20
  22.38
  73.78
  23.29
 240.86
 270.67
  77.43
 222.14
 118.33
 367.75
 127.00
  64.56
 589.00
1980.00
 458.75
 151.50
 986.00
   4.00
 101.88
 106.43
  96.57
 191.20
  46.00
 148.40
 348.00
 236.75
 344.50
 488.00
 196.00
  35.67
 450.33
  70.33
 206.50
 220.20
 175.00
 140.00
 320.00
 592.00
  79.00
 583.00
 122.67
 208.43
  83.89
 132.67
 168.33
 160.12
 778.00
1307.00
 179.43
  21.00
 258.57
 229.88
 295.00
 606.00
 180.50
 805.50
  23.50
 162.50
  77.38
  34.14
  65.67
 183.44
 337.00
  75.43
 153.50
  72.50
 691.50
 176.17
  18.67
 167.62
 587.00
 112.80
 157.80
 345.00
 528.00
 434.00
  66.56
  38.00
 199.67
  10.75
  81.57
 452.25
 214.00
 333.75
  27.56
  78.50
 592.00
 103.33
  47.90
   7.20
  29.33
 620.50
 568.67
 253.60
  85.00
 188.00
 157.80
 191.67
  80.78
  22.00
 184.57
  48.50
 171.50
 264.67
 206.67
 231.33
   8.60
 249.71
1807.00
 292.25
 247.33
 554.33
  51.62
  39.40
   0.57
 278.83
 169.62
 664.50
 177.00
  26.33
  11.33
  13.67
 275.50
 290.40
   0.00
 675.00
  91.00
  10.10
 326.33
 306.50
  76.43
  61.83
 197.00
 229.80
 133.71
1457.00
  50.40
 247.00
  70.62
  92.00
 135.50
 581.50
  66.00
 599.00
 124.86
 204.14
  86.33
 216.83
 153.50
 959.00
 113.00
  84.00
 777.00
  15.25
 154.14
 179.90
 320.50
 546.00
 297.17
 357.40
 363.67
  16.00
  25.80
   3.00
 485.00
 926.00
 164.00
 991.00
1326.00
 215.25
 574.00
 470.00
  53.33
  50.30
 201.86
   4.00
  68.67
 176.38
  44.33
 121.20
 745.00
 252.50
  64.71
  13.50
 305.00
 435.00
  42.44
  96.25
 662.00
  39.83
  32.33
  13.40
 185.50
 405.00
  85.83
  33.57
  69.25
 497.00
 160.60
   7.33
  54.38
 390.33
   6.90
  99.25
1116.00
 362.00
  95.89
  35.22
   5.12
 152.00
  90.90
 118.00
  79.57
 147.14
 792.00
  82.50
   1.78
 228.71
  28.50
 186.50
  98.60
  31.50
 262.67
 163.62
 165.80
 125.00
  28.00
  52.88
 155.11
 130.22
 554.67
 264.00
  62.22
 175.80
 327.60
1133.00
1544.00
 228.60
 215.86
  68.75
 209.25
 848.00
 126.75
 263.00
  46.83
 200.67
 288.50
 393.67
 121.88
 237.67
 124.00
  88.11
 250.17
 928.50
 216.11
 347.40
  77.17
 436.00
 371.20
 386.25
  42.00
1638.00
   4.11
   4.00
 664.00
 180.56
 110.50
  38.40
1467.00
 104.57
1930.00
 261.20
  76.12
   4.86
 238.50
 343.00
 164.00
 118.00
 172.70
 187.00
 115.50
  26.60
  90.00
  68.33
  45.00
 105.00
  48.60
 350.20
 223.71
 168.50
 184.40
 293.67
 248.71
  91.12
  48.00
 149.50
 197.78
 120.25
  21.33
 492.00
 557.50
 173.80
  64.71
  63.25
  43.11
 275.50
 188.14
  11.60
 109.10
 119.60
  22.00
 229.25
 148.60
 830.00
 804.50
 261.00
  43.60
 268.71
1384.00
  11.00
 151.71
  65.00
 294.50
  15.14
 238.00
 217.00
 798.00
 248.57
 121.83
 236.75
1940.00
 176.00
 471.75
  47.38
  27.29
 857.00
 163.40
  82.78
 197.56
 259.14
  21.86
  55.00
